中山
https://p.nikkansports.com/goku-uma/member/compi/compi.zpl?course_id=006&date=20220326
1R３歳未勝利ダ1200m ダ1200m 14|81   15|78   6|59   9|57   1|56   4|55   16|52   5|51   13|50   3|49   7|48   10|46   2|43   12|42   11|41   8|40   |   |   
2R３歳未勝利ダ1800m ダ1800m 9|80   5|78   3|61   14|56   13|55   16|54   10|53   12|52   7|49   1|48   8|47   6|46   11|43   2|42   4|41   15|40   |   |   
3R３歳未勝利ダ1200m ダ1200m 14|82   4|63   2|61   16|58   10|57   7|55   1|54   15|52   12|51   11|50   6|48   5|46   8|43   3|42   13|41   9|40   |   |   
4R３歳未勝利芝1600m 芝1600m 10|78   11|69   4|62   8|61   9|57   13|56   1|52   3|51   6|50   15|49   12|48   2|47   7|46   5|42   16|41   14|40   |   |   
5R３歳１勝クラス芝1200m 芝1200m 7|82   10|69   12|62   2|59   5|58   1|57   6|53   8|49   9|48   4|43   13|42   11|41   3|40   |   |   |   |   |   
6R３歳１勝クラス芝1800m 芝1800m 12|76   9|75   4|64   7|63   11|56   10|53   2|52   5|47   3|46   8|42   6|41   1|40   |   |   |   |   |   |   
7R４歳上１勝クラスダ1800m ダ1800m 7|82   6|75   4|60   10|58   2|56   3|54   1|53   9|52   5|46   11|41   8|40   |   |   |   |   |   |   |   
8Rペガサスジャンプステークス４歳上オープン 芝3350m ４歳上オープン芝3350m 7|73   5|70   11|64   3|63   10|58   1|57   8|52   9|51   4|48   2|41   6|40   |   |   |   |   |   |   |   
9R春風ステークス４歳上３勝クラス ダ1200m ４歳上３勝クラスダ1200m 16|78   11|66   5|63   15|57   6|56   12|55   2|54   8|53   1|52   9|51   3|50   4|49   14|48   7|47   10|46   13|40   |   |   
10R伏竜ステークス３歳オープン ダ1800m ３歳オープンダ1800m 1|90   8|67   4|63   6|58   3|53   5|49   7|47   2|40   |   |   |   |   |   |   |   |   |   |   
11R日経賞４歳上オープン 芝2500m ４歳上オープン芝2500m 11|90   14|63   6|62   7|60   12|55   8|54   1|53   15|52   3|51   13|50   2|49   5|48   9|47   10|46   4|40   |   |   |   
12R４歳上２勝クラスダ1800m ダ1800m 11|75   13|72   5|65   2|64   4|55   9|54   3|53   1|52   6|50   15|49   16|47   8|46   10|43   7|42   14|41   12|40   |   |   
阪神
https://p.nikkansports.com/goku-uma/member/compi/compi.zpl?course_id=009&date=20220326
1R３歳未勝利ダ1200m ダ1200m 2|72   10|68   11|66   13|64   12|62   14|54   6|51   8|50   16|48   5|47   3|46   1|44   15|43   7|42   9|41   4|40   |   |   
2R３歳未勝利ダ1800m ダ1800m 8|76   1|74   12|70   7|57   11|54   6|53   10|52   13|50   9|47   3|46   5|42   2|41   4|40   |   |   |   |   |   
3R３歳未勝利ダ1400m ダ1400m 10|88   8|63   15|60   13|59   3|56   4|54   7|53   6|52   16|51   12|50   2|49   11|48   14|47   9|42   1|41   5|40   |   |   
4R３歳未勝利ダ2000m ダ2000m 9|84   5|70   4|66   10|55   6|53   11|52   7|51   3|49   2|47   12|42   8|41   1|40   |   |   |   |   |   |   
5R３歳未勝利芝2000m 芝2000m 3|70   13|69   2|66   14|64   12|63   8|54   5|53   10|50   15|48   6|46   4|44   9|43   11|42   7|41   1|40   |   |   |   
6R３歳１勝クラス芝1400m 芝1400m 3|77   1|68   4|66   7|64   9|58   5|51   8|49   2|46   6|40   |   |   |   |   |   |   |   |   |   
7R４歳上１勝クラスダ1800m ダ1800m 4|78   2|71   5|67   7|58   1|53   6|52   8|51   3|46   |   |   |   |   |   |   |   |   |   |   
8R４歳上１勝クラスダ1400m ダ1400m 8|79   1|63   6|62   9|61   5|60   12|54   10|52   11|51   4|50   3|49   2|48   13|47   7|40   |   |   |   |   |   
9R君子蘭賞３歳１勝クラス 芝1800m ３歳１勝クラス芝1800m 3|82   2|71   4|66   5|57   6|53   7|51   1|40   |   |   |   |   |   |   |   |   |   |   |   
10R天神橋特別４歳上２勝クラス 芝1600m ４歳上２勝クラス芝1600m 3|80   6|76   8|61   5|58   2|57   9|55   7|49   10|47   1|46   4|40   |   |   |   |   |   |   |   |   
11R毎日杯３歳オープン 芝1800m ３歳オープン芝1800m 1|86   4|67   6|62   5|59   8|58   2|54   3|51   7|49   10|48   9|46   |   |   |   |   |   |   |   |   
12R４歳上１勝クラスダ1200m ダ1200m 7|76   4|67   12|66   10|63   6|56   5|55   9|53   8|49   1|48   3|47   2|46   11|41   13|40   |   |   |   |   |   
中京
https://p.nikkansports.com/goku-uma/member/compi/compi.zpl?course_id=007&date=20220326
1R３歳未勝利ダ1400m ダ1400m 11|82   8|68   5|65   10|56   6|55   13|54   14|53   7|52   2|51   12|49   15|47   4|46   9|43   16|42   1|41   3|40   |   |   
2R３歳未勝利ダ1900m ダ1900m 1|80   8|73   7|59   6|58   10|57   3|56   5|54   13|53   11|47   14|45   2|44   15|43   9|42   4|41   12|40   |   |   |   
3R３歳未勝利ダ1800m ダ1800m 13|76   11|74   8|71   1|56   2|54   5|53   12|51   14|50   10|49   9|48   7|47   6|46   3|41   4|40   |   |   |   |   
4R３歳未勝利芝1400m 芝1400m 14|79   12|73   1|62   15|59   11|57   5|53   16|52   7|50   18|49   10|48   6|47   2|46   4|45   17|44   9|43   3|42   8|41   13|40   
5R３歳未勝利芝2200m 芝2200m 6|79   5|73   2|60   12|59   8|56   10|55   13|52   14|50   9|48   1|47   7|46   11|42   3|41   4|40   |   |   |   |   
6R４歳上１勝クラスダ1200m ダ1200m 1|76   4|65   5|64   14|61   11|59   8|57   12|56   7|50   3|49   10|48   2|47   15|46   9|42   6|41   13|40   |   |   |   
7R４歳上１勝クラスダ1800m ダ1800m 3|72   1|65   6|63   7|62   11|57   5|54   4|53   9|52   2|51   8|50   13|47   10|41   12|40   |   |   |   |   |   
8R４歳上１勝クラスダ1400m ダ1400m 11|72   16|71   10|67   15|64   13|59   12|53   14|51   1|50   3|49   4|48   7|47   9|46   5|43   8|42   6|41   2|40   |   |   
9R天白川特別４歳上２勝クラス ダ1900m ４歳上２勝クラスダ1900m 4|84   2|65   13|62   5|60   12|58   1|53   10|51   9|50   7|49   3|48   11|46   8|42   6|41   14|40   |   |   |   |   
10R熊野特別４歳上２勝クラス 芝2200m ４歳上２勝クラス芝2200m 5|73   3|72   2|61   9|60   4|59   6|55   8|53   7|52   1|40   |   |   |   |   |   |   |   |   |   
11R名鉄杯４歳上オープン ダ1400m ４歳上オープンダ1400m 1|88   11|74   12|56   9|55   14|54   7|52   8|51   3|50   10|49   13|48   4|47   6|46   2|41   5|40   |   |   |   |   
12R４歳上１勝クラス芝2000m 芝2000m 10|79   1|67   9|61   4|56   8|55   3|54   5|53   11|52   6|50   2|49   7|46   |   |   |   |   |   |   |   
中山
https://p.nikkansports.com/goku-uma/member/compi/compi.zpl?course_id=006&date=20220327
1R３歳未勝利ダ1800m ダ1800m 8|74   13|73   15|68   14|59   11|57   2|56   9|52   12|50   4|48   5|47   3|45   6|44   16|43   1|42   7|41   10|40   |   |   
2R３歳未勝利ダ1200m ダ1200m 6|79   3|69   10|67   11|64   4|54   13|53   8|52   1|50   12|49   2|48   9|47   7|46   14|43   5|42   15|41   16|40   |   |   
3R３歳未勝利ダ1800m ダ1800m 1|90   11|67   9|59   12|58   10|57   7|53   2|52   14|51   6|50   16|49   5|48   4|47   8|46   13|42   3|41   15|40   |   |   
4R３歳未勝利芝1800m 芝1800m 5|69   12|67   7|66   15|62   3|60   4|56   14|54   2|52   13|50   1|49   16|47   8|46   11|43   10|42   6|41   9|40   |   |   
5R３歳１勝クラスダ1200m ダ1200m 6|77   15|66   12|60   14|59   4|56   13|55   8|54   11|53   10|52   9|51   2|47   5|46   3|42   1|41   7|40   |   |   |   
6R４歳上１勝クラスダ1800m ダ1800m 9|72   4|71   2|70   6|69   1|54   10|52   11|51   7|50   3|49   5|47   8|46   |   |   |   |   |   |   |   
7R４歳上１勝クラスダ1200m ダ1200m 8|90   1|66   5|59   2|58   14|57   3|54   9|53   13|52   10|51   15|50   4|49   6|48   11|47   12|46   7|40   |   |   |   
8R４歳上２勝クラス芝1800m 芝1800m 10|88   1|63   5|62   9|59   4|58   8|56   11|55   2|48   7|47   6|41   3|40   |   |   |   |   |   |   |   
9Rミモザ賞３歳１勝クラス 芝2000m ３歳１勝クラス芝2000m 5|76   1|69   7|67   2|65   6|55   8|53   4|46   3|40   |   |   |   |   |   |   |   |   |   |   
10R春興ステークス４歳上３勝クラス 芝1600m ４歳上３勝クラス芝1600m 8|80   3|77   14|59   6|57   13|55   1|54   10|53   5|52   4|50   9|49   2|48   12|47   15|46   7|42   16|41   11|40   |   |   
11Rマーチステークス４歳上オープン ダ1800m ４歳上オープンダ1800m 11|75   14|70   6|63   9|59   4|57   12|55   13|53   5|52   8|51   10|50   2|49   3|48   7|47   16|46   15|41   1|40   |   |   
12R４歳上２勝クラス芝1200m 芝1200m 3|85   7|64   2|62   1|60   12|58   10|55   5|54   9|51   4|49   6|43   8|42   13|41   11|40   |   |   |   |   |   
阪神
https://p.nikkansports.com/goku-uma/member/compi/compi.zpl?course_id=009&date=20220327
1R３歳未勝利ダ1800m ダ1800m 1|80   9|74   12|64   5|61   11|54   10|53   16|52   2|51   4|50   15|49   13|47   7|46   14|43   8|42   6|41   3|40   |   |   
2R３歳未勝利ダ1200m ダ1200m 12|80   11|65   14|61   5|60   3|58   15|57   8|54   13|50   10|49   6|48   4|46   1|44   2|43   7|42   16|41   9|40   |   |   
3R３歳未勝利ダ1800m ダ1800m 8|76   9|68   10|64   4|59   3|57   7|56   1|54   2|50   5|48   6|47   12|41   11|40   |   |   |   |   |   |   
4R４歳上未勝利芝 ダ2970m 芝 ダ2970m 9|74   5|73   8|65   2|63   1|55   4|54   13|53   6|52   3|49   12|48   7|47   11|46   10|40   |   |   |   |   |   
5R３歳未勝利ダ1400m ダ1400m 4|79   8|76   10|60   3|59   12|56   9|54   6|52   2|51   5|50   11|48   16|47   1|44   13|43   15|42   7|41   14|40   |   |   
6R３歳未勝利芝1600m 芝1600m 1|86   11|65   17|63   8|60   9|58   7|53   15|52   14|51   13|50   3|49   4|47   6|46   12|44   2|43   5|42   16|41   10|40   |   
7R３歳１勝クラスダ1200m ダ1200m 2|78   5|75   10|60   6|59   3|55   7|54   1|53   8|52   9|49   11|47   4|46   |   |   |   |   |   |   |   
8R４歳上１勝クラスダ1800m ダ1800m 8|78   3|72   10|64   1|59   7|55   6|53   11|52   9|51   4|49   5|46   2|40   |   |   |   |   |   |   |   
9R四国新聞杯４歳上２勝クラス 芝2000m ４歳上２勝クラス芝2000m 6|78   8|75   1|63   7|62   4|54   3|53   5|47   2|40   |   |   |   |   |   |   |   |   |   |   
10R御堂筋ステークス４歳上３勝クラス 芝2400m ４歳上３勝クラス芝2400m 6|81   2|73   5|63   1|58   7|56   4|54   11|53   3|50   8|48   9|41   10|40   |   |   |   |   |   |   |   
11R六甲ステークス４歳上オープン 芝1600m ４歳上オープン芝1600m 2|80   16|66   10|65   12|60   8|58   7|54   4|52   6|51   14|50   11|49   1|47   17|46   18|45   9|44   15|43   5|42   13|41   3|40   
12R４歳上２勝クラスダ1200m ダ1200m 9|81   14|69   15|61   3|60   6|59   5|57   10|50   1|49   4|48   11|47   12|46   13|43   7|42   2|41   8|40   |   |   |   
中京
https://p.nikkansports.com/goku-uma/member/compi/compi.zpl?course_id=007&date=20220327
1R３歳未勝利ダ1800m ダ1800m 3|75   6|73   13|61   9|57   7|55   1|54   5|53   12|52   8|51   14|50   11|49   2|47   10|46   4|41   15|40   |   |   |   
2R３歳未勝利ダ1200m ダ1200m 12|73   1|69   11|64   15|63   2|58   13|56   6|52   5|50   10|49   16|46   4|45   14|44   3|43   8|42   9|41   7|40   |   |   
3R３歳未勝利ダ1800m ダ1800m 13|75   15|73   4|70   3|57   5|55   16|54   6|53   14|52   2|51   1|50   12|49   7|48   10|47   9|46   11|41   8|40   |   |   
4R３歳未勝利ダ1400m ダ1400m 10|75   13|71   12|61   9|58   16|56   8|55   5|54   4|53   14|52   7|51   2|50   15|49   3|48   1|47   6|46   11|40   |   |   
5R３歳未勝利芝2000m 芝2000m 4|74   13|73   9|60   16|59   8|58   14|56   2|54   15|51   17|50   5|49   1|48   6|47   7|44   10|43   12|42   11|41   3|40   |   
6R４歳上１勝クラスダ1800m ダ1800m 11|82   13|66   6|65   1|64   7|55   9|54   10|53   5|52   12|51   2|50   8|49   4|48   3|47   14|46   |   |   |   |   
7R４歳上１勝クラス芝2200m 芝2200m 13|80   1|64   8|62   2|60   5|58   15|56   6|54   4|53   10|49   14|47   7|46   16|44   9|43   12|42   11|41   3|40   |   |   
8R４歳上１勝クラス芝1200m 芝1200m 6|78   8|70   4|63   16|61   10|54   17|53   1|52   13|51   18|50   9|49   15|48   12|47   5|45   14|44   11|43   2|42   7|41   3|40   
9R大寒桜賞３歳１勝クラス 芝2200m ３歳１勝クラス芝2200m 4|76   5|70   7|64   2|58   6|57   8|56   3|48   1|46   |   |   |   |   |   |   |   |   |   |   
10R鈴鹿ステークス４歳上３勝クラス ダ1900m ４歳上３勝クラスダ1900m 7|78   13|74   6|64   2|62   14|54   16|53   12|52   3|51   10|50   1|49   15|48   11|47   4|46   9|42   5|41   8|40   |   |   
11R高松宮記念４歳上オープン 芝1200m ４歳上オープン芝1200m 7|83   18|75   1|59   9|58   17|55   13|54   14|53   2|52   8|51   4|50   3|49   5|48   12|47   6|44   16|43   10|42   15|41   11|40   
12R四日市特別４歳上２勝クラス ダ1400m ４歳上２勝クラスダ1400m 10|66   2|64   8|62   15|61   16|60   6|57   1|56   14|54   13|51   9|50   4|49   12|46   5|43   11|42   7|41   3|40   |   |   
